999599952
999102672
998454958
998363858
998130020
998118690
998039302
997783646
997399684
997275188
996683288
996634010
995883026
995133780
994860614
994747028
994307092
992786614
992492822
992054228
991444124
991326668
991238790
991102380
991078106
991023578
990544602
990281148
989282278
989077770
988852358
988556516
988548700
988382092
988133616
987301424
986702704
986587510
985298670
985082624
984874040
983938300
983443562
982743314
982738538
982141300
981898368
981727712
981698460
981405964
981165222
981100084
980958232
980045216
979585752
978566556
977445580
973124248
972648174
972617038
972434758
971629668
971294878
970918840
970691686
969831394
969407878
968773630
968377462
967673632
967644544
967634834
967491178
967426006
967200002
966892506
966225160
966067864
965966164
965808062
965645600
965186484
964284086
963581280
963569010
963286630
962481190
961754096
961647520
961626870
961576114
961534742
961449290
961275028
961174814
960800156
960672008
960250144
959864786
959318916
959212434
958766176
954578996
953844232
953501308
953144050
951046036
951035738
950632978
950360358
949706230
948816998
948703262
948294710
947858038
947312818
947116286
947099746
946454758
946380266
945777312
945729510
945525890
945266160
944922950
944598878
943818740
943104262
942772008
942767186
942451136
942419038
942229214
940971566
940567820
940445026
940238684
939849226
939522982
939167432
939139802
938567414
938334834
938290682
936696558
936632696
935838976
935309190
934757228
933971072
933767056
933762630
933729872
933721840
933153510
933100556
932994048
932945404
932476250
931150604
929574288
929562708
929189308
929089020
928603404
928449120
928179022
927409916
927029378
926893102
926574348
925248058
925008056
924707300
923802596
923229534
923149768
922597120
922280566
921984022
921928930
921383788
921046762
920824144
920503698
920258532
920211332
920194434
919685556
918407536
918157540
918095144
917764186
917599744
917103588
916571750
916347050
916235740
915843058
915804044
915478142
915220930
914690320
913717136
912420446
912359832
912053086
912014354
911581016
911230210
911189458
910604180
910449120
909838514
909836400
909509828
909446672
909432520
909032778
908969800
908743978
908527564
908108768
907221178
906958720
905909628
905626784
905057200
905052634
903994990
903448958
903394932
902316176
902081876
901978984
901198768
901004602
900739276
900210350
899787996
899053690
898753746
898726410
898656922
898267028
897191688
896659978
896513238
896447220
896419514
895759310
895065294
894170618
894154970
893802584
893772482
893713876
892768958
892075966
891906186
891795722
891369428
891212048
891152702
890878554
890560802
890388762
890293074
890236976
889996276
889983788
889949594
889643740
889315634
889016212
888938802
888503642
888284204
888153658
887888076
887356586
887292228
887266834
887261370
886602820
885893702
884961476
883051844
882983940
882925232
882257684
882030044
881620386
881481346
881351574
880991806
880122004
880113768
879595104
879367816
879222750
879191218
879127082
878991142
878444416
878308130
877989774
877839664
877473060
876625928
876314348
875665408
875635820
874761948
874516012
873830276
872777984
872030250
871580374
870539952
870308966
870290608
870094472
869216398
868541804
868212268
868044126
868043692
867132656
865540392
864224810
863877668
863755998
861238044
861234818
861219158
860796094
860515858
860241306
859425698
858859474
858422286
858384262
858277140
858136804
857334926
856837162
855984740
855716852
855242658
854541098
854339686
854323482
854304918
854214006
853839166
853670628
853467056
853369846
853241970
852945980
852775128
852310874
851254540
851187416
851112328
851076816
848888704
848868694
848534562
847222328
845870660
845694838
845639374
845515754
845255376
844974632
844512506
843772152
842933750
842783470
842566142
842087348
841082236
840118674
839156596
838669996
838230728
838045602
837933104
837913210
837349104
837117304
836606186
834641150
834488246
834384914
834274968
833491700
833385642
832549060
832309460
831962910
830753394
830674556
830550718
830449724
830235686
830135212
829445590
829363772
828395970
827761988
826211150
825837654
825691908
825647958
825367696
825155182
825054538
824665534
823900420
823696236
823639674
823622230
823351288
823022240
822889598
822843438
822714284
822120448
822100150
821950242
821271296
821036558
820990464
818828526
818201462
818187296
817649508
817563800
817411860
816988680
816623758
815518430
815403148
814754452
814134414
813386790
812801792
812747168
812246502
811040172
810190840
810105818
808629346
807600440
807126564
806326240
806226520
805804776
804907098
804781264
804544568
804464580
803776610
803771200
803477872
802642224
802363550
802322526
801136908
800865944
800227688
800209552
799871658
799205482
798275438
798038066
797744806
797274310
797092250
796964026
796510286
796342756
796284386
795652850
795242822
795059686
795051036
794773782
793877312
793480664
792371674
792195404
791855982
791584432
790769412
790576958
790022454
789525414
789522798
788856286
788334984
787929976
787635368
786583832
785402286
785239340
784812490
783963022
783899038
783292002
783254426
782769070
782621100
782590974
782400780
781825548
781791832
781742264
780274220
779759520
779626874
779501608
779250194
778210220
777853574
777711834
776884660
776797150
775735400
773933184
773887716
773210734
773204372
772720578
772522768
772368308
772187212
772132956
770838682
770836608
770692376
770618378
770252836
768883926
768719078
768082208
767890236
767353892
767044566
766832020
766010562
765396448
764596174
764052776
763624858
762912076
761740726
760897440
760630810
759725484
758917042
758839122
758364794
758087686
757691946
757150920
756611662
756590010
756256234
756256138
756088118
756044374
755810750
755449340
755395344
755393170
754325452
753449704
753008938
752041968
750869708
750851978
750717080
750447712
750341844
748134830
747290700
747006440
746852776
746132146
743465248
743170318
742806518
740926402
740229768
740183230
740160020
739617060
739370514
739025514
738463306
737570128
737384838
737201472
735964382
735616908
735533804
734537636
733695682
733582972
733424162
732963258
732782338
732544554
731661550
731454628
731298184
730860926
730691934
730409046
729887386
729831194
729503400
729370376
728688204
728475338
727239428
726680552
726050876
725533866
723981972
723603968
723416498
723001446
721307312
720950550
720662114
720461608
720396140
719536200
719183430
718351550
718291606
718108416
717326680
717087022
717056160
716193040
715985364
715977232
715836682
715771244
715431374
715140976
714987626
714663298
714353538
713819624
713113158
712243772
712055412
711540904
711099414
711012336
710892924
710587540
710475810
709898240
709606144
709443084
709363740
709132842
708007378
707618896
707539384
707503204
706711938
706623324
706400458
706388492
705902684
705093084
705046520
704648204
704593996
702496224
702221808
702221000
702141748
701925330
701859244
700603070
699856890
699619900
698959306
698336618
697951400
697779920
697779334
697757722
697656544
697485162
697452836
697415922
696940182
696255374
695585994
695281464
694902126
693648108
693500600
693140808
692864502
692771496
692750726
692445216
692238086
691762430
691581734
690590106
690401756
690157490
688887628
687757954
687397798
686917954
686795032
686264102
684902324
683994966
683930080
683385160
683282006
683263170
683005104
682772756
682700392
682454008
682309610
681666282
681250518
680809154
679184094
679133284
677999452
677953794
677805612
677790528
677755528
677339568
677262362
677235310
676964348
676345184
676174422
675796942
675467502
674313712
674099936
673814092
673687470
672830660
672226198
671065222
670065090
669955046
669896188
669615970
669471416
669364362
669200328
669173100
667687484
667635066
666856212
666753546
666646764
665516870
665478374
665427204
665333906
665035732
664942646
664603494
664473010
664377218
664249302
664107190
663800422
663623750
663530844
663490370
663362268
663042506
662723138
662615510
662527542
662352966
662328774
662233014
661572324
661510886
661196972
660575046
660500398
659990750
659445236
658950692
658795288
658711258
658373202
658288876
658055104
657287624
657193788
656798668
656027256
655985144
655940180
655202726
654380504
653966028
653052000
652240330
652213634
652137264
651011744
649703454
649508050
649260460
648898504
648601424
648563862
648179710
647565090
647318582
647213896
644651044
643970144
643536392
642672576
642554338
642221224
642074124
641321450
640783898
640759038
640677458
640391770
639284008
638712600
638617588
637131318
636914558
636302332
635681292
635674462
635021498
635014314
634985540
634815832
634778514
634745784
634226058
633722336
633282360
632665456
632030032
631610104
631313048
631223642
630212956
630146982
630060766
629230112
628388104
627883586
626698316
626557572
625880106
625734568
625618978
625539590
624781140
624126392
624072596
623801490
623583434
623366014
622511978
622390642
622228026
621815020
621780460
620881034
620427942
620121978
619810578
618348934
617854864
617313608
617270080
616895868
616761548
616351496
615858794
615640888
615511846
615425276
615331594
612367618
612287680
612034398
610970006
610858922
610758340
610231742
608316368
608082614
608011532
607790264
607660484
607088790
606769252
605736178
604429414
604385116
604181916
603421912
603294368
601316956
600804484
600092018
600061828
599917774
599403348
599358710
598808854
598408582
598110628
597889832
597889250
597789264
596911580
596776510
596425568
596323056
596109838
594611484
594281602
594211272
594101516
593311900
593246412
592415204
591837162
591311250
591075242
591050158
590785396
590266242
589564016
589324174
589180172
588823436
588657872
588579468
588567670
588445716
587711104
587454228
587295594
586799720
586757316
586332474
586174564
586020796
585232658
584285848
584039416
583782828
583525994
581388838
581013392
580402366
580121140
579700320
579217602
578714880
578681556
578560038
577087390
576876650
575827810
575765210
575719518
575613960
575498664
575452668
575306656
574187888
574126320
574114394
573698522
572830464
571428904
571411944
570972294
570900252
570757840
570422894
569499680
569205710
568993482
568522606
568451512
568316666
568179178
567912408
567616484
567414612
567039396
566993210
566505722
566206000
566188770
565661696
565541566
565347536
565137646
565060272
564924006
564883182
564347956
564239710
563457532
563286238
562978684
562895876
562717168
562464514
561118232
560981494
560567326
559793532
559167322
558537628
558499872
557780812
554819570
554660734
552511466
552444988
551606850
550458752
550456828
550419818
550376676
549254144
548828872
548549814
548518914
548300380
547922732
547475180
547375108
547084172
546750396
546288800
545894862
545379990
544281400
543843808
543757858
543644844
542503904
542383022
541605122
541198534
539975748
539907746
539775274
539363894
538838218
538208488
537885504
537871282
537663458
537572270
537203412
536807790
536754994
536672450
536661528
536498562
536027942
535386226
534839288
534681694
534600510
534379646
533983500
533777242
533399412
533376678
532412350
531992214
531473174
531395660
530500994
530133526
529752538
529655354
529648416
529638212
528921594
528835658
528802570
528652648
528474112
527947934
527806608
527096018
526857258
526633012
526553798
525927490
525850572
525094884
524920834
524188770
522657856
522446566
522420844
522360860
522301324
521219674
520743224
519351894
518814910
518756702
518472208
518440806
518216974
517773022
516868474
516181246
516144650
516128644
515693536
515666186
514793148
514595782
513551672
513200234
511992230
511959390
511940686
511015002
510375010
509524414
509429936
509149236
509072990
509055980
508999628
507946666
507285862
506896576
506451376
505844746
505360632
505113492
504816854
504646608
503473670
503236780
503075412
502720340
501022844
500894670
500890510
500296052
500027656
498861646
497603916
497552014
497355938
496454622
496078418
495556310
495491254
494785240
494662552
494638226
494569062
494426384
494250092
493966588
492912056
492775944
492346814
491800152
491324326
491266414
490650742
489986476
489440132
489243530
488923908
488598536
488274622
488268164
488191920
486950652
486858044
485408584
484832814
483882132
483835004
483622962
483612246
483377514
482899612
482623348
481469920
481219836
480894402
480195846
479352096
478776116
478481330
478382570
478148052
478042126
477374920
477248680
477247236
477227680
477017446
476911264
476696426
476029892
475442052
474991354
474384504
474333366
474144670
474092514
473930730
473609050
472578718
472296484
471860714
471700088
471347808
471238038
470707786
470011768
469640550
469293682
469236802
468439548
468095066
467847064
467712672
466318218
466296216
465957310
465510868
464512454
463817666
463461736
462882534
462864606
462523172
462509956
462251754
462101244
461992054
461264208
460984160
460300584
460114244
459911790
459670816
458528598
458176282
457895886
457120422
456916240
456682980
456073420
455868686
455570800
454518630
453105590
452819738
449871070
449746440
449388378
449027840
448940706
448880846
448831494
448577946
448010360
447503790
446944808
446769636
446029728
445980512
444706094
443998522
442618650
442496532
442070440
441818476
440635440
440498534
440472254
440303588
439960776
439410376
438503322
438088486
438001242
437881318
437427118
437238868
437216138
437115332
436585492
435866476
435822078
434723026
434517144
434238646
433488590
433396530
433201200
432674328
432556334
431952278
431264810
430790302
430452340
430355904
429542630
429033234
428856300
428746638
428221758
427862708
427598194
427081738
426851320
426656054
426122508
426025310
425652992
425570094
425090296
425023970
424413784
424170850
424151652
422611700
422428516
422123016
421820018
421227882
421220278
420805374
420797812
420513674
419548890
419527828
419339222
418920664
418009176
416103578
415452260
414644044
414081050
414077848
414040140
413573626
413510038
413209130
410858506
410851926
410796866
410526262
410360522
410170152
409180068
409006568
408841158
408178578
408140912
408043566
405937744
405757956
405518824
404453540
403219426
403003076
402409352
401674908
401561838
399981902
399693910
399134858
398442842
398303824
398064492
397973760
397822930
397749904
397716180
396752902
396396534
395386140
395280394
394782250
394656046
394619364
393902206
393562340
393309572
393052588
392827116
392411658
392262280
392161864
392038942
391866478
391848992
391760518
391572106
391525734
391188362
391038624
390931878
389773232
389641812
388763628
388138064
387882266
387645226
387640736
387095860
387049764
386354916
386093974
385517580
385227526
385092490
384644946
384302004
384193938
383618930
382111228
381433776
381409696
381378730
381186966
381121542
380989884
380873876
379492174
378718944
378385206
377779334
377643028
376861260
376696580
376130636
375552926
375491144
374471628
373982838
373813788
373180206
372824968
372271952
371755418
371642304
369662618
369618854
369549278
367357246
367026280
366791414
366674884
366473774
366333866
365682206
365681716
365617370
364856588
364629976
362684722
362540230
362378580
362000050
361984684
361968426
361966452
361925570
361890208
361851866
361804578
361146326
360266260
359468834
358721194
358415824
357994322
357970090
357148192
356933286
356620896
354879136
354196212
354048316
354036514
354031496
352143022
351849178
351379278
350357080
349947232
349330746
349217958
348972108
348724450
347919548
347293756
346923428
345369264
344874636
344555822
344247068
344189962
343801470
343631082
343536588
342688144
342561708
342279830
341734536
341520812
341207484
341157262
340332892
339775576
338581162
338074690
338018570
337834608
337487972
336355556
336125936
335105892
334909762
334745304
334678182
334164996
333695462
333380774
332728806
331005976
330535214
330170858
329934438
329785850
329273200
328499098
327317102
326756334
326404022
326367692
326332652
326048772
324863388
324859468
324832472
323586144
323258758
323172736
323028958
322930900
322508660
322444996
321347482
321212038
320530484
320178216
319656500
318939588
318695400
318662796
318528486
317617860
315513182
314843136
314087570
313894200
313635252
313392706
312758406
312729418
312167088
311901990
311896326
311324530
310927520
310680070
308242968
308229038
308183030
308125708
308108198
308102244
308041938
308040050
307965962
307821054
307666794
307441904
307380404
307170642
306631484
306400488
305595718
305081242
304770840
304592158
304429320
304065264
303870330
303338016
302919520
302484190
302308288
301673990
301191850
300252936
300249524
300189482
299970466
298975390
298927586
298839258
298449844
298363196
298305034
298120340
298066468
297550682
297196522
297102712
297090720
296914282
296435760
296172278
295735266
295616352
295474188
295042202
294647200
294317380
293313478
292635430
292247202
291247478
291076298
290949436
290945314
290892416
290841684
290712008
290334794
290058326
289732762
289658788
289031638
288800746
288717856
286191072
285941126
284840202
284481762
283861612
283817648
282510232
282470784
282431336
281894344
281598716
281593860
281447350
280857090
280311362
279970130
279226788
278918558
278901352
278536528
278208260
277368318
277364910
276930698
276840068
276832736
276274634
275957554
275864222
275432790
275430430
275168476
274687132
274315996
274269704
274268926
274084202
273868332
273539822
272685416
271908428
271661500
270825564
269826438
269812674
269718884
269329498
269193308
268944248
268917940
268827352
268443734
268063316
267719508
266963540
266607852
265308320
264120350
264073688
263959194
263802640
263183502
263172860
263136068
262618026
262575324
262567614
262429618
261706552
261532622
261389776
260770956
260475952
259884480
259249058
259143350
258510574
258082306
257658310
257261608
256792222
256746576
256092580
254907278
254507758
254429112
254364840
253593568
252960512
252941856
252571324
252095770
252088104
251995434
251966624
251907616
251583934
251531214
251486668
250330070
250077396
249716220
249384466
249154122
248747928
247254468
246796406
246667988
246201868
245863526
245332240
244317890
244262350
243444090
242787510
242355912
241799068
241704170
241364264
240561166
240523438
239295288
238820358
238609920
238524422
238487848
238376738
238359490
237852724
237247906
236778060
235698638
235487784
235383346
235225832
234897872
234873780
233746670
233606444
233547834
233201682
233032064
233006954
232603214
232239682
232170290
231882476
231819468
231490426
229707872
229260488
229024992
228725642
227582840
227270954
227137704
226778154
226370026
225712360
225453854
225202132
224810318
224138324
223748348
223655194
223541618
223378472
222608720
222355216
221450622
220755266
219823842
219347672
219298588
219197640
219016922
218766418
218685510
218595078
218520670
218255030
217785234
217556352
217247070
217130966
216908086
216857662
216688130
216573626
216325046
216229744
216149888
215728236
215653266
214842726
214543660
213884930
213800728
212560948
212461950
211871180
210946450
210744438
210381340
208991184
208276934
207748444
207148164
206641182
205762128
205681136
205651460
205433224
205163726
205037572
204603610
204060870
203793126
203637862
201812432
201712298
201694710
201564154
201419142
200533858
199409620
198475808
198333076
198331878
198188874
195720244
195539762
194956130
194916486
194361980
193631290
193157096
192529978
192375098
192325264
192050924
191972928
191874426
191774476
191495942
190393214
190350336
189680260
189289936
189260868
189155562
187713282
186612420
186363926
186334582
186242582
185935656
185923124
185913768
185337158
185329678
184996418
184691350
184572816
184187730
182787004
182113636
181608692
180308194
179494314
178768740
177756888
176952380
174062036
172897212
172877482
172469778
172203624
172196988
171327378
170892896
170870540
170598386
170477476
170289396
170186690
170094354
169570636
169344536
168977818
168875228
168167836
168087988
167670308
167064302
166455658
166265460
166129382
165938976
165919894
165561842
164668324
163191940
162869774
162703282
161891304
161722982
161417010
160901212
160392378
159928196
159646654
159256688
159153680
158590832
157612174
157257818
157230850
156775068
156644920
156474864
156400798
155973160
155896056
154900612
154622958
154151710
154096128
153527660
153490948
152212242
151960992
151771220
151325528
151138536
150669160
149669560
149437586
149426452
149062920
148170078
148153038
148102638
147685766
147498134
147436074
145544626
145012602
143457854
142129494
141598220
140963330
139740906
139719694
139090722
138121216
137915220
137041158
136873092
136647208
135989508
135853644
135629450
135030152
133551476
133464204
133058974
132686422
132496590
132397060
132158814
131258460
130331968
129972754
129513388
129389476
129111544
128499114
127989936
127812652
127772426
126835810
126817792
126369558
126021256
125468214
125432414
125343204
125313788
125299258
124540846
124488102
124189608
122670792
122184524
121594640
121470652
121291972
121155424
121029926
120977698
120840836
120120690
119502552
119320080
119254872
119242828
118525560
117955318
116346898
116278126
116030324
115992822
115850062
113962378
113928010
113801938
113656650
113109752
112513024
111752266
111697222
110817856
110519584
110251224
110232472
109743332
109739762
108903984
108792670
107948726
107819604
106734628
106279688
106088232
105625298
105206656
104417226
104124880
103908780
103139256
101439142
101103506
100599086
100430396
99844298
99690616
99550532
99331448
98896990
98689088
98485872
97724528
97603626
96726996
96663888
96642832
96617258
96317006
95902766
95791548
95619756
95444444
93983010
93945058
93857022
93583054
93354178
92716218
92275590
91029534
90220430
88524516
88279740
87785466
87664528
87583434
86954356
86159364
85982640
85962538
85904528
85339820
85322448
85168894
85018296
84861936
84352252
83730028
83432856
82458358
81994306
81821728
80601472
80174350
79540430
79425064
79377340
78979488
78900176
78420746
77827014
77559918
77384556
77350192
76582634
76050844
75902992
75891850
75453696
75198600
75004936
74381434
73979926
73958444
73168692
73076272
72402876
72393836
71905374
70906672
70730698
70359482
70299688
70116922
69865462
69645722
69555068
69245006
69170370
68731756
68139464
67937426
67761978
67508430
67340304
67145868
66432106
65915790
65207162
65056800
64812200
64429908
63962246
63936022
63353790
63158138
62957976
62612566
62538038
62357568
62280590
61871374
61585734
61557356
61483818
60947196
60892922
60758752
60183082
60053630
60002550
59987432
59798538
59749556
59329202
58760694
57801094
57622252
56995030
56970096
56737774
56516522
56461800
56125818
56034484
55681180
55368984
55084132
55072264
54420430
53896694
53427560
53148332
52529434
52332714
51747138
51596542
51591840
51453064
50577316
50101714
49881116
49029328
48975878
48580414
48048900
47753346
47518490
46978456
46799484
45991130
45780210
45465114
45340782
44201272
43294748
42879644
42807186
42622718
42526990
42443540
42264044
40926090
40912800
40894864
40837350
40758474
40558260
40248922
38868634
38465856
37370580
37247034
36989070
36931226
36488994
36313108
35179686
34795480
34685884
34488670
34461674
34283814
34133928
33368448
32866984
31993040
31613174
31605956
31576188
30627078
30055618
29647034
29422626
28809192
28507070
28216132
27610578
27510474
27462492
27234500
26598470
25482144
25448944
24976310
24770140
23716934
23377778
23372302
22445086
22090910
21147378
21140846
20163204
19978060
19306322
19296036
18963392
18782766
18625694
17462054
16997390
16003736
15036256
14233310
14138656
14136418
13739958
13696728
13636112
12920090
12603480
12209972
11678678
10931620
10930606
10804560
10463658
10167862
9631534
9244842
9010130
8361436
8073606
7652710
7373538
6841426
6741380
6363596
6102868
5481488
5444800
5194524
5014664
4043172
3773854
3429226
3201656
2811046
2750038
2591886
2409028
973318